5.525090
5.525341
5.525357
5.525440
5.525803
5.526631
5.527435
5.527813
5.528053
5.528408
5.528621
5.528570
5.528825
5.529121
5.529531
5.530098
5.530178
5.529920
5.530081
5.530628
5.531299
5.531546
5.531448
5.531756
5.531769
5.531632
5.531729
5.532116
5.532306
5.532161
5.531976
5.531436
5.531114
5.531256
5.531574
5.531621
5.531823
5.531845
5.531909
5.531513
5.531207
5.530650
5.531227
5.531768
5.532308
5.532918
5.533099
5.532791
5.532874
5.533473
5.534390
5.535428
5.535606
5.535163
5.535030
5.535161
5.536377
5.537782
5.538882
5.539002
5.538334
5.537822
5.537930
5.538570
5.539697
5.541274
5.542041
5.541907
5.542204
5.542443
5.542816
5.543387
5.544825
5.546762
5.548348
5.549300
5.549041
5.548983
5.549701
5.551012
5.552071
5.552719
5.553536
5.555062
5.556558
5.558259
5.559457
5.560048
5.560988
5.561628
5.562969
5.565399
5.567386
5.569541
5.571867
5.572511
5.573847
5.575909
5.578550
5.581496
5.584364
5.587252
5.590467
5.592423
5.594123
5.596247
5.600019
5.604571
5.610477
5.613884
5.615404
5.616592
5.620180
5.624151
5.630124
5.635266
5.639988
5.643267
5.646346
5.649583
5.655958
5.664315
5.672826
5.681597
5.690399
5.700778
5.710249
5.719711
5.730855
5.746057
5.765333
5.787035
5.809103
5.832355
5.855028
5.883445
5.923364
5.972320
6.027563
6.085222
6.154975
6.245378
0.084939
0.247139
0.442879
0.663792
0.901988
1.132049
1.334194
1.501201
1.630696
1.733261
1.810625
1.868282
1.915080
1.955346
1.994380
2.027716
2.056022
2.081441
2.100420
2.114166
2.126621
2.139873
2.153231
2.165832
2.176627
2.187254
2.194764
2.198072
2.201276
2.204975
2.208372
2.215587
2.223740
2.230932
2.237779
2.241556
2.241772
2.242354
2.244061
2.246509
2.250960
2.254538
2.257133
2.261259
2.264897
2.267626
2.267727
2.268006
2.269191
2.272270
2.274152
2.278069
2.281323
2.283902
2.285617
2.285891
2.285789
2.286438
2.287107
2.288051
2.288807
2.290119
2.291474
2.292851
2.293470
2.293515
2.293849
2.295035
2.297131
2.298542
2.300019
2.300898
2.301085
2.301178
2.301397
2.302953
2.304621
2.305640
2.306524
2.306713
2.306790
2.306590
2.307015
2.308386
2.309748
2.310829
2.311612
2.312073
2.311429
2.311453
2.311980
2.312636
2.313266
2.313914
2.314987
2.315792
2.315195
2.314263
2.313554
2.313383
2.313943
2.314859
2.315673
2.316596
2.316485
2.316019
2.315825
2.316485
2.318082
2.318997
2.319272
2.319237
2.319087
2.319530
2.320689
2.322115
2.322902
2.323037
2.322485
2.321569
2.320972
2.321168
2.322309
2.323311
2.323707
2.323576
2.323177
2.323243
2.323648
2.324534
2.325493
2.326245
2.326549
2.326102
2.325049
2.324800
2.325209
2.326032
2.326812
2.327273
2.326997
2.326625
2.327120
2.327804
2.328370
2.328590
2.328329
2.327880
2.327887
