37910.438124 4908802.145962
59437.512410 4874464.577521
80733.544045 4840097.264349
101440.134606 4806720.384701
118667.968753 4779157.997612
128344.627461 4764067.250295
141011.227727 4743742.905706
150680.301731 4728083.139121
161400.368872 4710196.664564
171046.374642 4693521.945311
182541.053588 4676687.219527
192150.147474 4659406.842448
201200.589471 4647194.309146
208673.531546 4633338.752608
219318.620789 4616789.533715
230450.265837 4600212.140375
240421.468361 4583340.456264
250928.618538 4566604.061454
261499.133234 4549194.802109
274844.614144 4526476.252215
289095.421372 4506335.976712
